1,3,17,2.0,2021-11-11 13:39:14,12,28197,2820.0
2,4,15,5.0,2021-11-10 13:23:01,9,18035,902.0
3,2,11,5.0,2020-12-12 22:48:06,11,19433,972.0
4,2,1,3.0,2021-12-13 06:27:49,6,3624,181.0
5,4,4,,2021-12-10 21:03:17,3,10707,535.0
6,2,14,3.0,2020-11-13 09:41:33,5,1858,93.0
7,2,12,1.0,2020-10-13 01:36:26,15,20792,2079.0
8,4,13,6.0,2021-12-13 11:21:07,12,25160,2516.0
9,2,3,1.0,2020-11-10 05:22:19,10,25718,2572.0
10,1,15,,2021-10-10 08:58:16,10,17857,893.0
11,4,15,6.0,2021-10-10 15:48:33,8,28546,2855.0
12,3,3,5.0,2021-11-12 01:32:15,12,21856,2186.0
13,2,17,5.0,2021-12-12 16:17:53,1,18282,914.0
14,4,11,2.0,2021-11-11 18:56:53,8,8120,406.0
15,1,11,,2020-12-12 15:29:00,9,26407,2641.0
16,4,13,2.0,2020-10-13 05:58:09,10,13489,674.0
17,2,7,6.0,2021-10-13 07:26:36,2,15331,767.0
18,3,10,4.0,2021-09-13 03:07:23,17,7572,379.0
19,3,4,3.0,2021-09-13 19:02:09,15,24543,2454.0
20,2,6,,2020-11-12 05:02:31,12,2787,139.0
21,3,9,1.0,2021-11-11 07:39:57,1,19897,995.0
22,4,2,1.0,2021-12-13 23:21:05,12,22425,2242.0
23,4,3,6.0,2021-12-12 01:22:57,14,14761,738.0
24,1,12,4.0,2021-10-10 23:05:12,8,5720,286.0
25,2,5,,2021-11-13 23:17:22,5,26363,2636.0
26,2,2,2.0,2020-12-13 03:06:59,4,27199,2720.0
27,1,17,6.0,2021-12-10 11:10:32,19,2605,130.0
28,3,17,2.0,2020-12-10 20:51:05,3,27528,2753.0
29,2,8,3.0,2021-09-10 00:21:09,9,4933,247.0
30,2,12,,2021-09-12 18:39:35,17,7677,384.0
31,2,7,4.0,2020-11-12 23:09:28,3,7842,392.0
32,3,12,1.0,2021-09-13 05:22:19,9,13386,669.0
33,2,3,3.0,2021-12-12 18:35:37,2,19766,988.0
34,3,7,3.0,2021-09-11 09:17:27,9,12612,631.0
35,3,11,,2020-12-11 10:19:01,1,881,
36,1,8,2.0,2020-11-11 21:27:29,17,22019,2202.0
37,3,7,5.0,2021-10-11 10:39:27,6,19512,976.0
38,3,16,4.0,2020-12-11 07:19:30,15,1498,75.0
39,3,3,6.0,2021-09-13 13:27:50,18,7805,390.0
40,2,15,,2021-12-13 19:24:34,2,24934,2493.0
41,2,2,1.0,2020-10-12 22:33:20,16,28761,2876.0
42,4,14,3.0,2021-12-10 03:04:17,19,2677,134.0
43,1,4,6.0,2021-12-12 08:22:55,14,335,
44,1,17,6.0,2020-11-13 17:57:19,7,25941,2594.0
45,4,5,,2021-12-12 22:07:10,14,10386,519.0
46,1,9,4.0,2020-11-12 19:48:49,5,16426,821.0
47,4,2,6.0,2020-12-13 01:08:33,17,28375,2837.0
48,4,6,1.0,2020-09-12 12:36:00,17,15957,798.0
49,4,10,4.0,2021-12-10 23:59:14,8,24363,2436.0
50,3,16,,2020-10-12 20:18:32,15,10834,542.0
51,2,8,1.0,2021-10-13 03:46:34,1,27934,2793.0
52,2,6,3.0,2021-11-12 17:46:33,11,19516,976.0
53,2,1,4.0,2021-12-13 11:20:40,14,12511,626.0
54,1,18,2.0,2020-09-10 14:28:04,3,17834,892.0
55,2,15,,2020-12-13 20:56:09,10,531,
56,1,9,3.0,2020-12-12 09:05:58,13,24822,2482.0
57,2,5,2.0,2021-09-13 11:27:45,14,13274,664.0
58,4,5,1.0,2021-09-12 05:37:43,16,7020,351.0
59,3,2,4.0,2021-10-11 18:17:25,11,5843,292.0
60,3,12,,2020-10-13 10:44:16,13,17819,891.0
61,4,14,1.0,2021-11-13 06:50:32,8,25298,2530.0
62,2,11,4.0,2021-11-10 05:00:48,5,10363,518.0
63,4,9,2.0,2021-12-12 00:31:17,10,4256,213.0
64,3,4,2.0,2020-09-12 05:07:50,4,7249,362.0
65,4,13,,2021-10-12 19:46:16,12,17385,869.0
66,1,12,4.0,2020-10-12 05:34:26,8,19183,959.0
67,3,11,3.0,2021-10-13 04:56:18,1,11264,563.0
68,4,12,6.0,2021-11-11 15:23:58,16,3755,188.0
69,1,6,1.0,2021-11-13 21:25:18,13,21650,2165.0
70,1,13,,2021-09-12 02:19:00,18,20932,2093.0
71,1,10,3.0,2020-09-12 16:13:41,18,21654,2165.0
72,2,12,1.0,2021-12-13 16:45:45,4,5912,296.0
73,3,3,2.0,2020-10-11 05:27:17,5,1511,76.0
74,1,8,3.0,2021-11-10 09:07:59,2,20486,2049.0
75,3,11,,2020-11-11 10:19:06,5,13956,698.0
76,2,6,4.0,2020-09-12 04:15:21,14,15813,791.0
77,2,16,1.0,2021-11-11 04:35:39,11,10610,530.0
78,1,2,2.0,2021-11-11 19:43:32,3,9909,495.0
79,4,18,6.0,2021-10-13 08:11:32,19,21222,2122.0
80,2,9,,2021-09-12 23:11:14,8,4996,250.0
81,4,3,1.0,2021-12-10 11:21:27,5,23940,2394.0
82,3,3,6.0,2020-12-10 08:38:17,10,12987,649.0
83,4,7,1.0,2020-10-12 01:39:11,14,19874,994.0
84,3,8,6.0,2021-10-13 07:42:17,14,17294,865.0
85,3,7,,2021-12-13 02:24:01,17,24548,2455.0
86,2,15,1.0,2021-12-10 01:40:18,9,17079,854.0
87,1,11,4.0,2020-11-13 10:39:35,16,20845,2084.0
88,4,17,4.0,2021-12-12 14:53:41,15,24910,2491.0
89,1,14,1.0,2020-12-10 23:05:30,10,6031,302.0
90,3,14,,2020-12-11 02:15:37,18,20283,2028.0
91,1,12,1.0,2021-12-11 23:24:16,8,8820,441.0
92,1,17,3.0,2020-10-10 15:45:49,13,10648,532.0
93,1,7,4.0,2021-12-11 16:14:19,7,22688,2269.0
94,3,12,3.0,2020-10-13 19:53:18,9,474,
95,3,3,,2020-11-13 15:09:30,18,29080,2908.0
96,3,1,6.0,2020-11-11 19:04:13,7,2338,117.0
97,2,17,3.0,2021-11-13 16:41:46,6,25751,2575.0
98,1,14,6.0,2020-12-11 17:02:26,5,13475,674.0
99,4,2,5.0,2020-12-11 00:11:49,4,17432,872.0
100,4,9,,2021-12-12 20:25:58,8,28518,2852.0
